4900 2.298e+18 481401.0 216268.0
5000 5.299e+18 1117654.0 435468.0
5100 3.822e+18 822977.0 443681.0
5200 1.62e+18 349001.0 206672.0
5300 4.783e+18 1052952.0 549560.0
5400 4.038e+18 887333.0 488690.0
5500 4.524e+18 988232.0 569949.0
5600 1.558e+18 339566.0 197961.0
5700 8.691e+17 198796.0 104685.0
5800 4.731e+17 113085.0 61252.0
5900 3.976e+18 988588.0 564995.0
6000 5.506e+18 1276152.0 573878.0
6100 7.654e+18 1602501.0 625692.0
6200 4.495e+18 979936.0 442987.0
6300 6.134e+18 1312390.0 1139539.0
6400 3.764e+18 848220.0 1062264.0
6500 6.504e+17 178101.0 1710321.0
6600 3.092e+18 734590.0 1385305.0
6700 1.819e+18 416102.0 1118255.0
6800 3.164e+18 751031.0 1467217.0
6900 3.927e+18 915150.0 2027409.0
7000 0 0.0 0.0
7100 0 0.0 0.0
7200 0 0.0 0.0
7300 0 0.0 0.0
7400 0 0.0 0.0
7500 0 0.0 0.0
7600 0 0.0 0.0
7700 0 0.0 0.0
7800 0 0.0 0.0
7900 0 0.0 0.0
8000 0 0.0 0.0
8100 0 0.0 0.0
8200 0 0.0 0.0
8300 0 0.0 0.0
8400 1.507e+18 337484.0 530381.0
8500 7.211e+17 166443.0 422464.0
8600 1.153e+18 271916.0 412858.0
8700 2.428e+18 531390.0 719507.0
8800 1.432e+18 296116.0 386009.0
8900 2.333e+18 489861.0 678226.0
9000 2.317e+18 485068.0 654971.0
9100 2.204e+17 46722.0 140179.0
9200 2.249e+18 479342.0 738366.0
9300 2.032e+18 427678.0 784116.0
9400 1.776e+18 365249.0 913383.0
9500 1.85e+18 381786.0 1175759.0
9600 1.354e+18 289352.0 945176.0
9700 5.073e+17 104658.0 350747.0
9800 0 0.0 0.0
9900 0 0.0 0.0
10000 0 0.0 0.0
10100 0 0.0 0.0
10200 0 0.0 0.0
10300 0 0.0 194968.0
10400 6.959e+16 15259.0 711107.0
10500 1.524e+18 331766.0 1030644.0
10600 1.87e+18 422771.0 914027.0
10700 2.297e+18 516166.0 978796.0
10800 1.957e+18 487258.0 789152.0
10900 1.677e+18 418866.0 612631.0
11000 5.519e+17 123202.0 137427.0
11100 0 0.0 0.0
11200 0 0.0 0.0
11300 0 0.0 0.0
11400 0 0.0 0.0
11500 0 0.0 0.0
11600 0 0.0 0.0
11700 0 0.0 0.0
11800 0 0.0 0.0
11900 0 0.0 0.0
12000 0 0.0 0.0
12100 0 0.0 0.0
12200 0 0.0 0.0
12300 0 0.0 0.0
12400 0 0.0 0.0
12500 0 0.0 0.0
12600 0 0.0 0.0
12700 0 0.0 0.0
12800 0 0.0 0.0
12900 0 0.0 0.0
13000 0 0.0 0.0
13100 0 0.0 0.0
13200 0 0.0 0.0
13300 0 0.0 0.0
13400 0 0.0 0.0
13500 0 0.0 0.0
13600 0 0.0 0.0
13700 0 0.0 0.0
13800 0 0.0 0.0
13900 0 0.0 0.0
14000 0 0.0 0.0
14100 8.194e+17 195395.0 211992.0
14200 7.517e+17 188195.0 259321.0
14300 4.98e+17 127352.0 223973.0
14400 1.695e+17 44964.0 209909.0
14500 3.82e+17 90654.0 309315.0
14600 3.041e+17 75496.0 240490.0
14700 4.993e+17 114952.0 243203.0
14800 8.13e+17 179066.0 214870.0
14900 1.093e+18 258975.0 307020.0
15000 4.381e+17 103309.0 92089.0
15100 5.001e+17 116340.0 312427.0
15200 2.745e+17 64947.0 228590.0
15300 3.897e+17 92876.0 232797.0
15400 7.744e+17 181243.0 374486.0
15500 3.722e+17 86278.0 152760.0
15600 6.342e+16 15664.0 130094.0
15700 1.868e+17 44510.0 192125.0
15800 2.068e+17 48287.0 242441.0
15900 4.028e+17 96530.0 303990.0
16000 1.793e+17 41015.0 103316.0
16100 2.827e+17 71001.0 273008.0
16200 8.4e+16 20818.0 96261.0
16300 8.098e+16 19975.0 65575.0
16400 1.174e+17 29051.0 67665.0
16500 1.031e+17 25403.0 63709.0
16600 1.799e+17 41590.0 16611.0
16700 7.828e+16 20726.0 57584.0
16800 1.556e+17 37860.0 116392.0
16900 1.27e+17 30505.0 98077.0
17000 1.932e+17 47193.0 193048.0
17100 4.168e+17 99618.0 328271.0
17200 2.23e+17 54232.0 289886.0
17300 4.419e+15 1228.0 381574.0
17400 3.438e+17 85753.0 244167.0
17500 2.035e+17 52147.0 126013.0
