4900 4.541e+17 100784.0 40961.0 4.371e+17 91421.0
5000 1.028e+18 237862.0 86219.0 1.016e+18 214169.0
5100 2.447e+18 575098.0 258768.0 2.402e+18 517201.0
5200 9.653e+17 220838.0 109497.0 9.511e+17 204515.0
5300 2.74e+18 635026.0 294514.0 2.72e+18 598904.0
5400 2.472e+18 560556.0 299859.0 2.448e+18 537372.0
5500 2.976e+18 687316.0 369175.0 2.95e+18 643768.0
5600 5.677e+17 125246.0 71783.0 5.626e+17 122604.0
5700 5.662e+17 132353.0 67839.0 5.624e+17 128739.0
5800 3.212e+17 78822.0 40613.0 3.179e+17 76165.0
5900 1.818e+18 478142.0 254091.0 1.782e+18 439337.0
6000 1.173e+18 283518.0 124582.0 1.155e+18 266240.0
6100 1.759e+18 377390.0 141281.0 1.744e+18 365436.0
6200 1.105e+18 251194.0 104024.0 1.09e+18 236932.0
6300 1.511e+18 340006.0 279691.0 1.497e+18 319819.0
6400 9.256e+17 261907.0 268526.0 9.182e+17 207026.0
6500 1.643e+17 82816.0 437088.0 1.588e+17 43133.0
6600 8.531e+17 212476.0 373651.0 8.444e+17 201179.0
6700 4.541e+17 112020.0 248021.0 4.485e+17 102556.0
6800 7.602e+17 186177.0 354114.0 7.519e+17 178619.0
6900 9.327e+17 232058.0 465815.0 9.267e+17 215966.0
7000 0 0.0 0.0 0 0.0
7100 0 0.0 0.0 0 0.0
7200 0 0.0 0.0 0 0.0
7300 0 0.0 0.0 0 0.0
7400 0 0.0 0.0 0 0.0
7500 0 0.0 0.0 0 0.0
7600 0 0.0 0.0 0 0.0
7700 0 0.0 0.0 0 0.0
7800 0 0.0 0.0 0 0.0
7900 0 0.0 0.0 0 0.0
8000 0 0.0 0.0 0 0.0
8100 0 0.0 0.0 0 0.0
8200 0 0.0 0.0 0 0.0
8300 0 0.0 0.0 0 0.0
8400 7.384e+18 1963027.0 2561482.0 7.256e+18 1627393.0
8500 3.903e+18 1353226.0 2203755.0 3.76e+18 867273.0
8600 5.888e+18 1481019.0 2118300.0 5.783e+18 1363138.0
8700 1.187e+19 2689834.0 3447114.0 1.168e+19 2562172.0
8800 7.296e+18 1577193.0 1965801.0 7.186e+18 1486402.0
8900 1.061e+19 2368356.0 3093015.0 1.049e+19 2209472.0
9000 1.171e+19 2630084.0 3282072.0 1.155e+19 2417420.0
9100 1.158e+18 407271.0 694091.0 1.121e+18 238680.0
9200 1.056e+19 2326663.0 3405868.0 1.037e+19 2208863.0
9300 1.002e+19 2202791.0 3777609.0 9.816e+18 2067583.0
9400 8.862e+18 1933447.0 4470986.0 8.615e+18 1771380.0
9500 9.157e+18 2116083.0 5678666.0 8.861e+18 1832531.0
9600 7.135e+18 1757446.0 4802493.0 6.865e+18 1466255.0
9700 2.579e+18 550092.0 1791968.0 2.527e+18 522023.0
9800 0 0.0 0.0 0 0.0
9900 0 0.0 0.0 0 0.0
10000 0 0.0 0.0 0 0.0
10100 0 0.0 0.0 0 0.0
10200 0 0.0 0.0 0 0.0
10300 0 0.0 1003697.0 0 0.0
10400 4.358e+17 97106.0 3689606.0 4.209e+17 92404.0
10500 7.343e+18 1704608.0 4859387.0 7.106e+18 1547304.0
10600 1.013e+19 2476432.0 4678826.0 9.705e+18 2195961.0
10700 1.177e+19 2854003.0 4894368.0 1.151e+19 2576591.0
10800 9.82e+18 2654178.0 3950336.0 9.427e+18 2357595.0
10900 8.773e+18 2332694.0 3062903.0 8.584e+18 2168822.0
11000 2.912e+18 711426.0 669716.0 2.865e+18 640301.0
11100 0 0.0 0.0 0 0.0
11200 0 0.0 0.0 0 0.0
11300 0 0.0 0.0 0 0.0
11400 0 0.0 0.0 0 0.0
11500 0 0.0 0.0 0 0.0
11600 0 0.0 0.0 0 0.0
11700 0 0.0 0.0 0 0.0
11800 0 0.0 0.0 0 0.0
11900 0 0.0 0.0 0 0.0
12000 0 0.0 0.0 0 0.0
12100 0 0.0 0.0 0 0.0
12200 0 0.0 0.0 0 0.0
12300 0 0.0 0.0 0 0.0
12400 0 0.0 0.0 0 0.0
12500 0 0.0 0.0 0 0.0
12600 0 0.0 0.0 0 0.0
12700 0 0.0 0.0 0 0.0
12800 0 0.0 0.0 0 0.0
12900 0 0.0 0.0 0 0.0
13000 0 0.0 0.0 0 0.0
13100 0 0.0 0.0 0 0.0
13200 0 0.0 0.0 0 0.0
13300 0 0.0 0.0 0 0.0
13400 0 0.0 0.0 0 0.0
13500 0 0.0 0.0 0 0.0
13600 0 0.0 0.0 0 0.0
13700 0 0.0 0.0 0 0.0
13800 0 0.0 0.0 0 0.0
13900 0 0.0 0.0 0 0.0
14000 0 0.0 0.0 0 0.0
14100 2.196e+18 569528.0 520450.0 2.108e+18 498505.0
14200 2e+18 531286.0 659170.0 1.901e+18 478166.0
14300 1.274e+18 361009.0 535275.0 1.143e+18 292677.0
14400 5.942e+17 196612.0 601698.0 4.353e+17 115532.0
14500 9.096e+17 240650.0 676719.0 8.717e+17 206116.0
14600 7.739e+17 200548.0 563784.0 7.18e+17 178082.0
14700 1.329e+18 326256.0 601903.0 1.289e+18 296051.0
14800 1.741e+18 408122.0 474276.0 1.701e+18 376555.0
14900 2.845e+18 709985.0 705235.0 2.452e+18 583113.0
15000 1.038e+18 267271.0 206948.0 9.162e+17 213769.0
15100 1.177e+18 292598.0 661730.0 1.092e+18 253553.0
15200 7.007e+17 180076.0 493831.0 6.367e+17 150565.0
15300 1.774e+18 451888.0 646422.0 1.08e+18 257051.0
15400 2.227e+18 548576.0 1001030.0 2.076e+18 484100.0
15500 1.101e+18 262304.0 435025.0 1.008e+18 233122.0
15600 1.929e+17 47911.0 403393.0 1.86e+17 45541.0
15700 5.177e+17 127557.0 524830.0 4.853e+17 115205.0
15800 5.808e+17 142612.0 614354.0 5.282e+17 124317.0
15900 1.33e+18 331742.0 972961.0 1.225e+18 291886.0
16000 7.602e+17 183888.0 445035.0 6.776e+17 155391.0
16100 9.252e+17 247985.0 790526.0 8.558e+17 214719.0
16200 5.135e+17 132620.0 754145.0 4.743e+17 117055.0
16300 5.672e+17 146224.0 377689.0 4.89e+17 121011.0
16400 4.845e+17 138683.0 380490.0 4.442e+17 110005.0
16500 4.674e+17 119740.0 322900.0 4.364e+17 110059.0
16600 1.667e+17 41401.0 60821.0 1.631e+17 38706.0
16700 3.632e+17 106140.0 262434.0 3.22e+17 86651.0
16800 7.467e+17 201558.0 523204.0 7.02e+17 171934.0
16900 6.78e+17 171833.0 497629.0 6.366e+17 153328.0
17000 5.909e+17 156964.0 635987.0 5.697e+17 140457.0
17100 1.002e+18 252223.0 744754.0 9.109e+17 217304.0
17200 7.328e+17 213039.0 598321.0 5.031e+17 123043.0
17300 7.634e+17 220759.0 897491.0 6.972e+15 1949.0
17400 1.246e+18 339043.0 614168.0 8.281e+17 205769.0
17500 5.888e+17 164731.0 310584.0 5.553e+17 139997.0
